   2.013000    
   2.032000    
   2.051000    
   2.071000    
   2.091000    
   2.111000    
   2.132000    
   2.154000    
   2.175000    
   2.197000    
   2.220000    
   2.243000    
   2.267000    
   2.291000    
   2.315000    
   2.341000    
   2.366000    
   2.393000    
   2.419000    
   2.447000    
   2.475000    
   2.504000    
   2.533000    
   2.563000    
   2.594000    
   2.626000    
   2.658000    
   2.691000    
   2.725000    
   2.760000    
   2.796000    
   2.833000    
   2.870000    
   2.909000    
   2.949000    
   2.990000    
   3.032000    
   3.075000    
   3.120000    
   3.165000    
   3.213000    
   3.261000    
   3.311000    
   3.363000    
   3.416000    
   3.471000    
   3.528000    
   3.587000    
   3.647000    
   3.710000    
   3.775000    
   3.842000    
   3.912000    
   3.984000    
   4.059000    
   4.137000    
   4.218000    
   4.303000    
   4.390000    
   4.481000    
   4.577000    
   4.676000    
   4.779000    
   4.888000    
   5.001000    
   5.120000    
   5.245000    
   5.375000    
   5.513000    
   5.657000    
   5.810000    
   5.971000    
   6.141000    
   6.321000    
   6.512000    
   6.715000    
   6.931000    
   7.161000    
   7.407000    
   7.670000    
   7.953000    
   8.258000    
   8.587000    
   8.943000    
   9.330000    
   9.752000    
   10.51000    
   13.02000    
   16.13000    
   19.98000    
   24.74000    
   30.66000    
   37.96000    
   47.03000    
   58.25000    
   72.14000    
   89.36000    
   110.6800    
