1.994
2.013
2.032
2.051
2.071
2.091
2.111
2.132
2.154
2.175
2.197
2.22
2.243
2.267
2.291
2.315
2.341
2.366
2.393
2.419
2.447
2.475
2.504
2.533
2.563
2.594
2.626
2.658
2.691
2.725
2.76
2.796
2.833
2.87
2.909
2.949
2.99
3.032
3.075
3.12
3.165
3.213
3.261
3.311
3.363
3.416
3.471
3.528
3.587
3.647
3.71
3.775
3.842
3.912
3.984
4.059
4.137
4.218
4.303
4.39
4.481
4.577
4.676
4.779
4.888
5.001
5.12
5.245
5.375
5.513
5.657
5.81
5.971
6.141
6.321
6.512
6.715
6.931
7.161
7.407
7.67
7.953
8.258
8.587
8.943
9.33
9.752
10.214
10.723
11.284
11.907
12.603
13.386
14.272
